50,94
50,93
50,92
50,91
50,90
50,89
50,88
50,87
50,86
50,85
50,84
50,83
50,82
50,81
50,80
50,79
50,78
50,77
50,76
50,75
50,74
50,73
50,72
50,71
50,70
50,69
50,68
50,67
50,66
50,65
50,64
50,63
50,62
50,61
50,60
50,59
50,58
50,57
50,56
50,55
50,54
50,53
50,52
50,51
50,50
50,49
50,48
50,47
50,46
50,45
50,44
50,43
50,42
50,41
50,40
50,39
50,38
50,37
50,36
50,35
23,1
23,3
3,2
3,1
3,3
10,267
10,138
10,220
10,204
10,254
10,260
10,32
10,1
10,241
10,2
10,3
11,26
11,17
11,4
11,15
11,21
11,11
11,1
11,10
11,2
11,3
9,7
9,6
9,1
9,4
9,2
9,3
8,9
8,6
8,4
8,17
8,1
